11111111111111111111111111111111111111111
10000000000000000000000001111111000000000
10000000000000000000000001111111000000000
10000000000000000000000001111111000000000
10000000011111111100000000000000110111110
10000000000000000000000000000000000000000
10000000000000001111100000000000000001111
10000000101010100000000000000000000000000
10000011111100000000000011111111000000010
10000000011111111000000011111100000001110
10000111111000000000001100000000000000010
10000000000000000011111111100000000000011
10001111100000000000000001111111111111111
00000001110011111000000000000000000000011
10000000011000000000001100111000000000000
11111111111111111111111111111111111111111

























